3.565313
1.270457
4.202815
1.738276
2.303359
4.655821
0.4732351
2.429453
2.569169
2.606415
2.898625
2.156607
0.5265762
0.5183145
3.479204
1.701087
0.9822068
0.3534837
1.372025
2.322648
3.082038
1.56298
0.8990486
0.4120227
1.638901
3.00627
0.9555746
2.377518
0.7680485
1.517575
0.4970104
3.083675
3.173285
1.474507
1.557317
4.176601
2.457953
4.422366
2.773667
0.4528175
1.234885
2.832931
3.394702
0.8529523
1.09702
0.8458388
2.71872
0.3990606
1.554495
2.825106
1.603289
2.59989
2.165964
1.838103
2.575554
0.7694673
0.4139714
1.237328
1.682703
1.980374
0.6985593
1.447869
1.110627
1.746939
3.100205
0.6766661
4.141781
2.272483
1.505324
2.536789
0.8921882
2.53782
3.39949
2.462318
0.8945019
1.240916
2.21957
4.064902
1.502305
0.792989
2.40762
0.4776438
1.49085
1.093869
1.482674
3.181722
0.9258606
1.683884
1.489393
1.649051
0.6966497
2.503307
0.7710426
0.710313
2.182111
2.140164
0.9520583
2.936806
1.76691
1.698896
1.281809
1.959921
1.326959
1.32748
1.236893
2.885474
1.611454
1.972741
0.624675
2.085825
1.433086
1.222334
1.712195
3.126591
3.989536
0.634556
1.853797
1.493514
3.852978
2.130967
3.322172
2.645397
0.5125213
0.9680579
1.862171
1.761138
1.842949
2.191359
0.6994787
3.267672
2.829563
2.871882
1.50168
1.743517
0.7962242
3.459453
2.115376
1.438613
1.527264
2.31017
2.972436
2.144454
0.9338937
1.482957
1.667673
1.704713
1.462526
2.078767
3.833129
1.418057
1.487051
2.201569
1.179927
2.893855
0.8090801
2.931299
2.634997
0.4445408
1.714064
2.477873
2.298642
0.5779918
1.129003
2.708585
0.7111544
3.022243
0.3910875
0.6063438
4.625051
1.217503
0.5837279
2.814869
0.6961995
0.5017943
2.58904
0.1701469
4.101185
1.778815
1.794513
0.7140075
0.8425031
1.791537
2.697809
1.989377
2.003595
1.019102
0.622628
1.940928
2.982378
1.737875
2.699973
1.706944
2.526863
1.727343
0.901509
0.8079562
1.311627
2.280204
4.817041
4.350747
3.156662
2.564114
1.358483
0.8348486
1.050493
1.107242
2.774997
0.7818372
1.222842
1.236894
